0
0
0
0
0
0
0
17
17
17
17
17
17
0
0
0
0
0
0
0
0
0
0
51
50
50
50
51
50
0
0
0
0
0
0
0
0
0
0
84
68
68
68
84
68
0
0
0
0
0
0
0
0
0
0
84
68
68
68
84
68
0
0
0
0
0
0
0
0
0
0
0
0
0
0
0
0
0
0
0
68
68
84
0
0
0
0
0
0
0
0
0
0
0
0
0
60
60
60
0
0
0
0
76
60
60
60
76
60
0
0
0
76
76
76
0
0
0
60
76
60
60
60
76
60
0
0
0
0
0
0
60
76
76
60
60
60
60
60
76
60
0
0
0
0
0
0
60
76
60
60
60
60
60
60
60
60
76
76
76
0
0
0
0
0
0
0
76
60
60
60
60
60
60
60
60
0
0
0
0
0
0
0
76
60
60
60
60
60
60
60
60
0
0
0
0
0
0
0
76
60
60
60
60
60
60
60
60
0
0
0
0
0
0
0
76
76
76
76
76
76
0
0
0
0
0
0
0
0
0
45
45
45
45
45
45
45
0
0
0
0
0
0
29
29
29
29
29
29
29
29
29
29
0
0
0
29
29
29
29
29
29
29
29
29
29
29
29
29
0
0
0
29
29
29
29
29
29
0
0
0
0
29
29
29
0
0
0
29
29
29
29
29
29
0
0
0
0
29
29
29
0
0
0
29
29
29
0
0
0
0
0
0
0
29
29
29
0
0
0
29
29
29
0
0
0
0
0
0
0
29
29
29
0
0
0
29
29
29
29
29
29
0
0
0
0
29
29
29
0
0
0
0
0
0
29
29
29
0
0
0
0
29
29
29
0
0
0
0
0
0
29
29
29
0
0
0
0
29
29
29
0
0
0
0
0
0
29
29
29
0
0
0
0
29
29
29
0
0
0
29
29
29
29
29
29
0
0
0
0
29
29
29
0
0
0
0
0
0
0
0
0
0
0
0
0
29
29
29
0
0
0
0
0
0
0
0
0
0
0
0
0
29
29
29
0
0
0
0
0
0
0
0
0
0
0
0
0
29
29
29
0
0
0
0
0
0
0
0
0
0
0
0
0
29
29
29
0
0
0
0
0
0
0
0
0
0
0
0
0
29
29
29
0
0
0
0
0
0
0
0
0
0
0
0
0
29
29
29
29
29
29
